data/WIWA101.like.asc
NCOLS 228 
NROWS 80 
XLLCORNER -168.1 
YLLCORNER 31.2 
CELLSIZE 0.5 
NODATA_value -9999 
[rows 0 to 20 of 80, columns 98 to 146 of 228]
-9999 -9999 6.1882666984772e-07 6.04768609626893e-07 4.64231304920401e-07 3.89693820157403e-07 4.0730357456389e-07 3.7010284417114e-07 4.23038990133827e-07 4.59630418452954e-07 4.38337701634728e-07 4.22568174971899e-07 4.39489015324668e-07 4.9249719227506e-07 4.71038695228266e-07 4.42926628513242e-07 4.29455448762538e-07 4.19100389725161e-07 4.34752971717729e-07 4.80682973593527e-07 5.14342538677734e-07 5.46989285934161e-07 5.16944987680817e-07 5.72022490895552e-07 5.79035049411333e-07 5.83547332710778e-07 5.88823212303271e-07 5.93472562941044e-07 6.33043759822496e-07 6.8879780338288e-07 6.96144390544943e-07 -9999 -9999 -9999 -9999 -9999 -9999 -9999 -9999 -9999 9.10443113756504e-07 9.01400072538878e-07 9.30399272635698e-07 -9999 -9999 -9999 6.76932188214807e-07 8.14395546762969e-07 5.85864116148366e-07
-9999 -9999 1.02619936529795e-06 9.84966562315203e-07 9.67597142387626e-07 9.24145008621164e-07 9.02288647493244e-07 8.79323957665372e-07 8.68198457816023e-07 8.28426752976803e-07 8.07817714123324e-07 8.03850942120816e-07 7.76625195726596e-07 7.52304253986746e-07 6.41603426935738e-07 6.31193717347473e-07 5.37260194768275e-07 4.47274516892065e-07 4.85604420215639e-07 4.95832082521147e-07 4.75402819733803e-07 4.93191356151401e-07 4.98782385036819e-07 5.12070017929608e-07 4.95506749140199e-07 5.05633299908626e-07 5.29038938266266e-07 5.26214173638498e-07 5.71617321889392e-07 6.08711478466499e-07 6.31828098280203e-07 6.78981636409415e-07 6.82263810511909e-07 7.34912788965602e-07 -9999 -9999 -9999 8.52219523512593e-07 8.80843189681655e-07 -9999 -9999 -9999 -9999 -9999 -9999 1.03753942133003e-06 7.52870535305361e-07 5.93104819749351e-07 4.58396592872145e-07
-9999 -9999 -9999 -9999 6.90902146760398e-07 6.31696649573116e-07 5.94902521957039e-07 5.91187434893405e-07 5.56713979231217e-07 5.18103501809131e-07 4.59189652799032e-07 5.09171356940138e-07 5.47239233927925e-07 5.29229998616606e-07 5.13678468577178e-07 5.27961789708491e-07 5.97257057814521e-07 5.59278603690472e-07 5.65275267405834e-07 5.29840322637547e-07 5.60097720198388e-07 5.38420184053692e-07 5.1974017005104e-07 5.27520300849902e-07 5.33150360218799e-07 5.40648831149236e-07 5.04797139068631e-07 5.06487557366418e-07 5.16082658827639e-07 5.86979466938329e-07 6.03031506788331e-07 6.5448375786161e-07 6.67122079106012e-07 7.03060225590892e-07 7.03987340536617e-07 7.72063064387922e-07 8.54148648566417e-07 8.85958328216704e-07 -9999 -9999 -9999 -9999 -9999 -9999 -9999 -9999 1.00203077878383e-06 8.17558760188694e-07 8.14198796059455e-07
-9999 -9999 -9999 -9999 1.07584814139249e-06 9.00217533255595e-07 8.04551978551049e-07 7.72823893284703e-07 6.64639948729144e-07 7.13309677301332e-07 6.52700694665291e-07 5.95824928552045e-07 5.05014336678161e-07 5.0614657361947e-07 5.50472082054448e-07 5.37899701249866e-07 5.56152540183626e-07 5.3504984893219e-07 5.37759617122237e-07 5.42909171404265e-07 5.09564316302762e-07 5.47091997648833e-07 5.29229673907089e-07 5.76243020955765e-07 6.21262471857057e-07 6.40377176573957e-07 6.95446970402596e-07 6.88137507127438e-07 6.71608379881488e-07 7.15020385042699e-07 6.61042186489191e-07 6.97162506618119e-07 7.78511693808594e-07 7.82071224448249e-07 8.49739457402292e-07 8.30003221735066e-07 8.50774697175902e-07 9.52177341695864e-07 -9999 -9999 -9999 -9999 9.34336133577167e-07 9.76325648580881e-07 1.09922876104516e-06 1.18948035539874e-06 1.20638288947027e-06 1.15370877351927e-06 1.19520811096905e-06
7.91752233349152e-07 1.02529836790426e-06 1.17430925347404e-06 1.24382207782059e-06 -9999 -9999 1.13842777990103e-06 1.11215394738125e-06 1.09338350812938e-06 1.06340294935924e-06 1.03737815857716e-06 9.16932043207201e-07 7.56153812328997e-07 7.19199943771746e-07 6.74686544743324e-07 6.45398467349646e-07 6.40214666215057e-07 6.60676015341619e-07 6.2805493888621e-07 5.69006467716044e-07 6.4802924590759e-07 6.78191937228608e-07 6.77979122028153e-07 7.72124143351648e-07 7.8576443374287e-07 7.47461034904329e-07 7.95289643335914e-07 8.02533098618948e-07 7.17301637032474e-07 7.73333609675417e-07 7.262607255135e-07 7.7923066617964e-07 7.89466561785932e-07 8.63825906240901e-07 8.95402522976385e-07 1.00283599510943e-06 1.04405670730299e-06 1.07728877557765e-06 1.11757382219856e-06 1.13181440000819e-06 1.1803006598459e-06 1.06302106462436e-06 1.02441634530214e-06 1.00107835806652e-06 1.09043664727071e-06 1.14433863754034e-06 1.2656076523381e-06 1.37494509949633e-06 1.38921689745639e-06
5.70342632106724e-07 6.25495709922603e-07 7.41809840737319e-07 8.26220050198817e-07 7.70154672743143e-07 8.70755529634228e-07 1.00500059633109e-06 1.07230774898091e-06 1.04475258084467e-06 1.13978985013744e-06 1.20531790984943e-06 -9999 1.14649417002353e-06 1.03882344660247e-06 1.015635613493e-06 1.00195770016016e-06 9.81432543340058e-07 9.57968995063679e-07 9.47194664860837e-07 9.43588105603292e-07 9.06401013942309e-07 8.20494751150895e-07 7.96786350385563e-07 8.42799379811368e-07 8.35894691411066e-07 9.31470535251896e-07 9.41318977777037e-07 9.43055614320549e-07 8.86684247681151e-07 9.81766390578549e-07 9.37907109137167e-07 9.77209845938725e-07 1.01408823228831e-06 1.07384730183919e-06 1.13126461924396e-06 1.17154934194334e-06 -9999 -9999 1.30384362784976e-06 1.36534810898437e-06 1.38943848178071e-06 1.44003288759369e-06 1.29497658806478e-06 1.29454281031636e-06 1.36568350714132e-06 1.40352656986014e-06 1.47207599777248e-06 1.51708748505351e-06 1.6508865635839e-06
8.15122082610136e-07 9.30693191953643e-07 9.85397211755498e-07 1.08654838694709e-06 1.19798556769192e-06 9.8251922875223e-07 8.53521161605489e-07 1.2333201460078e-06 1.43222349960645e-06 1.4260818094532e-06 1.36796393503696e-06 1.37577414919174e-06 -9999 -9999 -9999 1.27144084146754e-06 1.24226664858369e-06 1.21223496609056e-06 -9999 -9999 -9999 1.10663764368195e-06 1.09535056030868e-06 7.59263825973728e-07 9.15976876765305e-07 9.84931393560345e-07 9.71042556111238e-07 1.03771667414294e-06 1.05388971177894e-06 1.14354313854801e-06 1.12132035315335e-06 1.17165342646971e-06 1.25841475423801e-06 -9999 -9999 -9999 -9999 -9999 -9999 -9999 -9999 1.66520035899083e-06 1.58660435895148e-06 1.51553800645948e-06 1.53588446534649e-06 1.64555062448228e-06 1.9331306924492e-06 1.91323702027783e-06 1.93050669731551e-06
7.14018294636432e-07 7.21886759023797e-07 7.31898014235049e-07 8.65230737297357e-07 7.90930690341212e-07 8.93933818306018e-07 9.81310214818269e-07 8.69161133593221e-07 8.96518413487433e-07 9.4671962219595e-07 8.52323093876036e-07 7.41272222757135e-07 7.07700716158232e-07 7.6925001483015e-07 8.29555616078169e-07 8.05717643733447e-07 8.29382457656738e-07 8.14637926328735e-07 7.68152988298601e-07 9.42340571611555e-07 1.31590747121974e-06 1.35536289005152e-06 1.35985045719862e-06 1.10539614978762e-06 9.58126625065625e-07 1.00126034754734e-06 1.05439418392296e-06 1.08823255992135e-06 1.12689573584795e-06 1.13990964137694e-06 1.12004156227976e-06 1.24863413341592e-06 1.32968351984028e-06 1.31546160010752e-06 1.44507080332047e-06 1.44837342674109e-06 1.50346287071436e-06 1.55230540581505e-06 1.55810329063599e-06 1.66574463886882e-06 1.71955944019176e-06 1.79226361976618e-06 1.84625694749142e-06 1.82236055184186e-06 1.9602752235821e-06 2.10199113270631e-06 2.18352020845622e-06 2.38407737489138e-06 1.75294408934652e-06
1.29879517121161e-06 1.17684956600822e-06 9.04229273333067e-07 6.32010062145932e-07 7.35051250768543e-07 9.65796380247178e-07 7.071640941415e-07 6.38586797772848e-07 7.79521553522183e-07 8.1791823857706e-07 7.77244922490645e-07 8.50095288932199e-07 8.74978597844779e-07 7.18284108102508e-07 6.84802282588521e-07 7.37651647390334e-07 8.89060238111203e-07 7.91981075952635e-07 7.80796094294852e-07 8.12038301555385e-07 1.04767707594889e-06 1.47920002504578e-06 1.63663765127142e-06 1.61522970980668e-06 1.22500668905236e-06 1.12302423173984e-06 1.23492238330371e-06 1.15000560048003e-06 1.24621893466594e-06 1.12920013530581e-06 1.31738003824062e-06 1.40116382188137e-06 1.41752162060775e-06 1.4481727500869e-06 1.56426337502813e-06 1.51048723168176e-06 1.62791369415284e-06 1.63614157806992e-06 1.67754339123067e-06 1.86676440383253e-06 1.96922758339933e-06 1.97193012313263e-06 1.99034795105121e-06 2.10494326827409e-06 2.23306375243492e-06 2.53517040356949e-06 2.66212655187124e-06 2.74874452673956e-06 2.07498143923559e-06
1.41379269770539e-06 1.38919954817266e-06 1.6442118560846e-06 1.29424843806041e-06 1.14811776893761e-06 1.09914736965254e-06 1.04178186633675e-06 8.88241456616774e-07 1.17117044030324e-06 1.08767953433609e-06 8.00516775310588e-07 8.22009666524076e-07 8.93922862793614e-07 7.15915917249479e-07 7.30529294468974e-07 7.95244433176373e-07 7.3173274907153e-07 8.24520069055668e-07 9.7664794506257e-07 1.10293082610677e-06 1.07437815806281e-06 1.06799623443622e-06 1.30913963206985e-06 1.98756608579634e-06 1.34147710456753e-06 1.28302140431314e-06 1.26032458887596e-06 1.27658369939861e-06 1.50329413249874e-06 1.48553455927899e-06 1.58638885959826e-06 1.57295449381133e-06 1.74607604900649e-06 1.78339067563068e-06 1.87796379209541e-06 1.90491322993361e-06 1.98390546224126e-06 1.96127515943375e-06 1.8271252281378e-06 2.17489247525159e-06 2.22399014092881e-06 2.32433224313273e-06 2.36951330512771e-06 2.47750240851397e-06 2.51628754314872e-06 2.83651374865622e-06 3.15262267701087e-06 2.88798560562899e-06 2.12162249029151e-06
2.20407680114099e-06 2.13471428179502e-06 1.66247997581626e-06 1.53720515638248e-06 1.36886881667801e-06 1.14203146704658e-06 9.44564016868362e-07 1.04628117036796e-06 1.25859511255942e-06 1.3462879948117e-06 1.07236972723076e-06 8.89696584995442e-07 1.04977802703271e-06 1.00416070726027e-06 1.05047886132481e-06 1.12398834910086e-06 7.65004429716992e-07 8.8428957756399e-07 8.09233217969759e-07 1.03052231012574e-06 1.2407432803258e-06 1.34232035437687e-06 1.21214340085225e-06 1.37298852503181e-06 1.43045421169907e-06 1.54139224010206e-06 1.6228065274317e-06 1.77390087569629e-06 1.65196919007192e-06 1.75816117904225e-06 1.84991216371176e-06 2.00511655778841e-06 2.14963288306257e-06 2.28277696641554e-06 2.37230328689685e-06 2.42852642218428e-06 2.4742254757664e-06 2.59040624051863e-06 2.65538226219416e-06 2.75160667616409e-06 2.81958283652812e-06 2.93316544241061e-06 3.15183575527423e-06 3.3183096052748e-06 3.15979966779107e-06 3.21774810427545e-06 3.32782227502006e-06 2.81184580086629e-06 2.67908869644751e-06
1.95510575091396e-06 1.91990386558962e-06 1.85509967598454e-06 1.64002677564366e-06 1.63234412251961e-06 1.34412536353928e-06 1.17578279768835e-06 1.25606597598301e-06 1.0829575457299e-06 1.01883458858609e-06 1.24373761741406e-06 1.0409420975945e-06 1.28022686722909e-06 1.25317009755589e-06 1.16929601878992e-06 1.0776479429351e-06 1.08587884939909e-06 1.23082088623595e-06 1.11423215121731e-06 1.06208671369713e-06 1.39710242088882e-06 1.29350722005516e-06 1.70589433319037e-06 1.69644692728712e-06 1.85881637471792e-06 1.91551515526714e-06 1.96025219605761e-06 1.9986571316393e-06 2.04311814922726e-06 2.11659848356868e-06 2.35925705536178e-06 2.5958293859201e-06 2.62649867519458e-06 2.76750775291006e-06 2.84497786260689e-06 2.8100322624257e-06 3.05980777567362e-06 3.1121643219411e-06 3.18234985045699e-06 3.34943233766683e-06 3.52779343112042e-06 3.54994172756396e-06 3.7179206166273e-06 3.85196534923248e-06 4.03147754026186e-06 4.03379746555779e-06 4.39784457997297e-06 4.18261005065995e-06 4.12188490359142e-06
2.37446456853602e-06 2.53698645245668e-06 2.14435897102678e-06 1.92342569542137e-06 1.87312563252497e-06 1.8082207251421e-06 1.79974065560664e-06 1.66058501885679e-06 1.35493616257216e-06 1.24856528917634e-06 1.32879923550085e-06 1.31898734067482e-06 1.37870759900905e-06 1.47655609797557e-06 1.46068361933229e-06 1.39469696657562e-06 1.41431528290628e-06 1.33438961814442e-06 1.50738727204292e-06 1.61040677121842e-06 1.69308787814231e-06 1.73052763131843e-06 1.93609837464505e-06 2.2355189928747e-06 2.30428543043188e-06 2.36694268457708e-06 2.42716710351319e-06 2.52015498499941e-06 2.79646292421126e-06 2.90428423361904e-06 2.67210718908581e-06 3.2708968968589e-06 3.30806312044981e-06 3.26808546413808e-06 3.55573842608599e-06 3.49560894098447e-06 3.78437804643961e-06 3.861654464241e-06 3.9985314985357e-06 4.28661577250216e-06 4.39195939301643e-06 4.49837481222548e-06 4.64286455215668e-06 5.33837941316264e-06 5.13915863669459e-06 5.09760912169846e-06 5.21113466117843e-06 5.38793404997758e-06 5.59390377115015e-06
2.09008201802632e-06 2.30070752005457e-06 2.80903887237797e-06 2.73273201895365e-06 2.37940837412332e-06 2.28198699492954e-06 2.2607706853838e-06 2.0713353874444e-06 2.0430529425561e-06 1.95454975996894e-06 1.71853122938161e-06 1.57659447480457e-06 1.70199673648111e-06 1.61126651140752e-06 1.742367477062e-06 1.79461873879625e-06 1.85676773439234e-06 1.87379234389132e-06 1.90042192090464e-06 2.10823695955678e-06 2.29179301185164e-06 2.40103589216054e-06 2.27948333135769e-06 2.55016032345793e-06 2.6120698478131e-06 2.85466419851761e-06 3.01450393200779e-06 3.05463738319027e-06 3.20787821717373e-06 3.28293882181701e-06 3.80210720319371e-06 4.33326645058394e-06 4.37455120426384e-06 4.47197674176976e-06 4.89732219496177e-06 4.77923588749139e-06 4.78355481375723e-06 5.01056760347641e-06 5.23898926658812e-06 5.50868538661277e-06 6.15720319098507e-06 6.33572630082549e-06 5.87001887901325e-06 6.03689356777618e-06 6.3089579404312e-06 6.81656371085454e-06 7.41865436340955e-06 7.74757983236593e-06 6.93886683749761e-06
2.77568028599987e-06 2.67483680039183e-06 2.60333056053504e-06 3.24552395093751e-06 2.8490868323289e-06 2.94011299157904e-06 2.8631997002668e-06 2.55222199372469e-06 2.46469405820045e-06 2.41424116722745e-06 2.17693332271647e-06 2.05709175832065e-06 2.10110704427671e-06 1.99958608989167e-06 2.04138735975203e-06 2.32715416097535e-06 1.88584128933166e-06 2.42230629856611e-06 2.12949504080175e-06 2.76089054170976e-06 2.8375802775534e-06 2.94262933807487e-06 3.02185031924019e-06 3.1266410208735e-06 3.23523032599203e-06 3.46267635203464e-06 3.48259790889266e-06 3.61232616441629e-06 3.82803549857698e-06 4.05475732470585e-06 5.21701756744925e-06 4.67368007770404e-06 5.43025817709084e-06 5.5784712917249e-06 4.90444896876433e-06 4.7045519428112e-06 5.86824736935063e-06 6.05613861388197e-06 6.50538750457059e-06 6.72686055675034e-06 6.79169443865732e-06 7.1410871315531e-06 7.56355890394589e-06 7.81082444857544e-06 7.61958000246989e-06 8.95814025938477e-06 9.02520357788819e-06 1.01413774133713e-05 1.02174523955405e-05
3.3843585281032e-06 3.45531883263166e-06 3.52712386344128e-06 3.25130350347743e-06 3.96691261326056e-06 3.68330706065238e-06 3.27355475016123e-06 3.32663420307135e-06 2.9382169151446e-06 2.95383428993838e-06 2.78284713805987e-06 2.95206106283679e-06 2.34219461263304e-06 2.45567946371236e-06 2.39070306102656e-06 2.49621882129966e-06 2.5731232046699e-06 2.51010980807686e-06 2.7722720300039e-06 2.38535661085014e-06 3.39271369325864e-06 3.51197361311252e-06 3.67147153828923e-06 3.81257547016683e-06 3.95326350388044e-06 4.15557723815089e-06 4.19890707858642e-06 4.75177039508416e-06 5.61826425008031e-06 5.6215695179966e-06 4.79301284364424e-06 5.24881584559243e-06 5.35497071258705e-06 6.50406998299387e-06 5.72727766772254e-06 6.43258210707617e-06 6.63928262525954e-06 6.13814171585738e-06 6.27325376037957e-06 6.62999133856694e-06 8.10832688494426e-06 8.15751282300743e-06 8.73704592812916e-06 9.91996595905236e-06 9.35472974060183e-06 1.01954671402542e-05 9.97826060943938e-06 1.03620558215184e-05 1.06658992567988e-05
4.68104429541135e-06 4.30614889071444e-06 4.14723582693009e-06 3.85097973634869e-06 4.27297096576552e-06 4.64105580303673e-06 4.65571197864472e-06 4.48017706553911e-06 4.19474163168848e-06 3.86510985328362e-06 3.65587846157386e-06 3.58604390320631e-06 3.57336884929229e-06 3.51821918068715e-06 3.46509599959845e-06 3.33357987374287e-06 3.65899325979959e-06 4.23637222575085e-06 4.79249273120916e-06 4.57091497862407e-06 4.48482085685125e-06 4.56489096086554e-06 4.01601929196445e-06 4.74099382276745e-06 4.79097637888083e-06 5.18918261809366e-06 5.47754354180646e-06 5.62351771215807e-06 6.83313103014814e-06 6.52114092379613e-06 6.30680334914866e-06 6.48017203211293e-06 7.01275533378086e-06 7.60449058839422e-06 7.86221704393194e-06 8.08046734621516e-06 8.19730366741733e-06 7.5004505685696e-06 7.60699770028488e-06 8.08240750503912e-06 7.85680719840562e-06 1.02509350724523e-05 1.05707443643164e-05 1.1001365991943e-05 1.16568055934359e-05 1.19567756273018e-05 1.22711884045341e-05 1.20189154304722e-05 1.2360659336345e-05
5.95057593130089e-06 5.84822736729865e-06 5.43592006251689e-06 5.19223529285674e-06 4.38909652554899e-06 5.21906074281391e-06 5.68287173535547e-06 5.73498192134854e-06 5.76724824912567e-06 4.91514312320602e-06 5.10082521150481e-06 4.89744889456493e-06 5.09297269394982e-06 4.5467986128489e-06 4.61482289842413e-06 5.9720738875149e-06 6.4086506284402e-06 6.62093279829988e-06 5.5625688214838e-06 5.70764371884491e-06 5.67424376859904e-06 5.92096043171122e-06 5.67045043156964e-06 5.72575879761348e-06 6.06114751379299e-06 6.32841903127788e-06 6.63632245627178e-06 7.04902385965686e-06 7.37685368609797e-06 7.02096887720413e-06 7.68742189274238e-06 8.21396439334948e-06 8.49450380471973e-06 8.60620151987794e-06 9.18228371607365e-06 9.35515794633633e-06 9.195182961257e-06 9.66162875068936e-06 9.94195843249784e-06 9.64516261139368e-06 1.00531599077096e-05 1.23549979938154e-05 1.33223853812756e-05 1.44660155208887e-05 1.36223234201383e-05 1.38435260168377e-05 1.42653032266211e-05 1.61773857366673e-05 1.69099694144947e-05
5.00984214424051e-06 5.54665258334379e-06 6.1492666462282e-06 6.81777547967688e-06 6.58836707490904e-06 6.40781657847154e-06 6.59489388334134e-06 6.81014812169365e-06 6.80465807960087e-06 6.93961329092959e-06 6.99992671296434e-06 7.04098805379613e-06 7.10415179059806e-06 7.16012200084334e-06 6.27816286101307e-06 6.07955804791217e-06 6.22506030352762e-06 6.16044047941269e-06 5.99624064849159e-06 6.36701054692179e-06 6.05547589460405e-06 5.86506554735513e-06 6.95531131644584e-06 7.12166377860149e-06 7.09160322439804e-06 7.40309031233854e-06 7.62097725369613e-06 8.12298924477099e-06 8.4045940260568e-06 9.05295915956507e-06 8.99930880345481e-06 9.90877681278888e-06 1.03048257351399e-05 1.09468448143551e-05 1.04654777148445e-05 1.09367149647208e-05 1.10361382211819e-05 1.11630240553856e-05 1.15021572461715e-05 1.17109173047653e-05 1.23760516240584e-05 1.33721278225586e-05 1.52517656533057e-05 1.59757520733553e-05 1.67671564335233e-05 1.80654383096402e-05 1.9391705729017e-05 1.97183671194422e-05 2.00965297826091e-05
8.83289435414912e-06 9.36333851676953e-06 9.16880137151973e-06 8.56145737371005e-06 8.44045173746517e-06 8.00965432568287e-06 8.2044266290029e-06 8.64341904900207e-06 8.80468829766428e-06 8.40763748154877e-06 8.62575491479099e-06 8.75761321098982e-06 8.77767054278055e-06 7.96540035086628e-06 7.77605305747388e-06 7.46560219861365e-06 7.30572780002134e-06 7.25099121717823e-06 7.33864766291229e-06 7.66911991912783e-06 6.22443531314865e-06 7.23124620524906e-06 7.90523279087843e-06 8.42921338583717e-06 8.76281406071678e-06 8.47254601428778e-06 8.82997909559144e-06 9.81508020214946e-06 1.03444235811604e-05 1.0785098901644e-05 1.12983370698981e-05 1.21544030185161e-05 1.21882807666116e-05 1.24067282115403e-05 1.28320239132225e-05 1.31322216036668e-05 1.32026929109227e-05 1.34719680318893e-05 1.39397551563212e-05 1.41498262839611e-05 1.46011167617883e-05 1.56494188434879e-05 1.54610803938307e-05 1.82638344731375e-05 1.95343546802388e-05 1.9865611653562e-05 2.06469718985183e-05 2.25742576340994e-05 2.42645804295587e-05
1.02043764916244e-05 9.377372961671e-06 1.00282361136514e-05 9.80587187481848e-06 9.43169574873505e-06 1.03220961729735e-05 1.05027039667693e-05 1.03335349771795e-05 1.03581048248572e-05 9.93117536047172e-06 9.69460450767387e-06 9.73222448644916e-06 9.75723127014535e-06 1.00650921213951e-05 1.00893324892403e-05 9.19584392970856e-06 9.23552819308663e-06 9.29727822120284e-06 8.89971080835377e-06 9.30551016297132e-06 8.65769262741311e-06 8.89640316540831e-06 9.27480879612939e-06 9.54998036490392e-06 9.73866657680666e-06 1.01486078557026e-05 1.05278376045108e-05 1.18433757357675e-05 1.2458361236066e-05 1.34638729259653e-05 1.38113704594964e-05 1.41134197164277e-05 1.44186005157938e-05 1.50632834265996e-05 1.573511865584e-05 1.60412711951766e-05 1.56372084278824e-05 1.58744687463128e-05 1.6151321382158e-05 1.71173841441169e-05 1.79344980306209e-05 1.90783073910278e-05 2.05583849998146e-05 2.21430375165416e-05 2.33542455672983e-05 2.37881797513204e-05 2.4622853214645e-05 2.60683536558212e-05 2.94526415016732e-05
