data/WIWA101.like.asc
NCOLS 228 
NROWS 80 
XLLCORNER -168.1 
YLLCORNER 31.2 
CELLSIZE 0.5 
NODATA_value -9999 
[rows 42 to 62 of 80, columns 147 to 195 of 228]
0.000270034715388203 0.000268101332219195 0.000266058173622424 0.000265118854477864 0.000263243021603422 0.000262139731331973 0.00026613264796819 0.000268133855879751 0.000271076729948652 0.000272163731578085 0.000267999322039806 0.000267860976130387 0.000268418463768334 0.000267156925965818 0.000268162829162035 0.000268117803735019 0.000266935606523706 0.000265868857375852 0.000264370720281493 0.000263016066513577 0.000262199964275498 0.000262655179215523 0.000261948691838358 0.000261097497651889 0.000260312093374187 0.000260025617097143 0.000260021461390299 0.000259843467508677 0.000259283940774934 0.000258704252172296 0.000258904785662511 0.000258829738547044 0.000258533627426723 0.00025879149340657 0.000258732586526091 0.00025866192755489 0.0002590373319257 0.000258610238059257 0.000258843811373267 0.000259045552003622 0.00025903598771059 0.000257469923650959 0.000258726345273608 0.00025757468519634 0.000255300212653173 0.000256545492436613 0.000257649977532583 0.000260489794523905 0.00025837113293855
0.000254284904831121 0.000248846151236123 0.000253290945845636 0.0002512414383076 0.000250005441680446 0.000255970765224443 0.000259102508327647 0.000260746590737204 0.000264092653795797 0.000267219407370544 0.000264967755425178 0.000262126424792546 0.000254001391978025 0.000264208112465665 0.000263893334437306 0.000263350804194367 0.000265033846858966 0.000263443518965268 0.000263550064752145 0.000263768943404676 0.000263628752528155 0.000263434180342921 0.000261573772459969 0.000260343428952145 0.000259365122321605 0.000259415425411014 0.000259715769448283 0.000261485059098048 0.000261680470236605 0.000261777003826405 0.000261822141681995 0.000261976481633548 0.000262023210545708 0.000262042677651995 0.000262197809606225 0.000262531970190184 0.000262520181500416 0.000262755280585455 0.000262992418696288 0.000263031231951434 0.000263189505084506 0.000263248267890609 0.00026324320630067 0.000263001389185315 0.000263148962685373 0.000262403180957052 0.000262390145602268 0.000262202628521724 0.000263039525775616
0.000226881014115558 0.000232856259269677 0.000228297448709965 0.000230031481280778 0.000233138271054713 0.000242446111887476 0.000245403503730295 0.000249465897146285 0.000251675747396937 0.000253018005533073 0.000258559177349041 0.000254631101250639 0.000242991339889642 0.000250064429450269 0.000251537081292126 0.00025259745330282 0.000248303988245428 0.000250625885900194 0.000254512624750654 0.000260618332348571 0.000262270110817365 0.000261150710505287 0.000257011121973444 0.00025614318409495 0.000255910397224957 0.000258219334226512 0.000258086702177718 0.000258442333668216 0.000260589857477776 0.000261822657968255 0.000262765394476601 0.000263041326298939 0.000263033812627798 0.000263158492170026 0.000262961471919359 0.000263933308573669 0.000265097749241132 0.000265564783811391 0.000265554277795704 0.000266423087173961 0.000265672949379489 0.000266447725831297 0.000265729177968975 0.000264635401436884 0.00026158038101384 0.000259556653931707 0.000260227142364008 0.000264287150615118 0.000262120841022646
0.000210329828033842 0.000203749149219138 0.000203496182951409 0.000207636839544029 0.000210098388924988 0.000216623877763308 0.000219387706653997 0.00022676801947122 0.000234043927491449 0.000237937867862338 0.000228833896407285 0.000213633816733703 0.000220371322084202 0.000199917276309572 0.000208646816052529 0.000192882295513941 0.00020479158130898 0.000233448699947742 0.000248167544798031 0.000256442549648256 0.000253190862987424 0.000253542296777775 0.000247289077704888 0.000248436598800963 0.000250785531542993 0.00025358801593644 0.000252897073273118 0.000254626740449511 0.000260098499346361 0.000260381253535687 0.000259018292122045 0.000259282742533627 0.00026061388196098 0.000262236106553024 0.000261465478138388 0.000265181596616996 0.000265569983215078 0.000264983239389384 0.000265041368211346 0.000264922582772212 0.0002646570349703 0.000266623059669793 0.000268508482984882 0.000266476280993673 0.000262180287148757 0.000247510974194234 0.000243418082783389 0.000236987699163207 0.000250738235324775
0.000191454907936578 0.000183150852705475 0.000184825374364413 0.000188586037360334 0.000192090353944322 0.000194805367537611 0.000198491839173998 0.000212478502523678 0.000218932569785684 0.000216890525023051 0.000171306740163496 0.000198294023668048 0.000168591891240018 0.000170999722470811 0.000175423791078512 0.000180943536012381 0.000190055790375318 0.000207790101417801 0.000225533739751803 0.000219717797134114 0.000226790793162016 0.000235244160993636 0.000237747917989663 0.000240250799352803 0.000243297858798663 0.000248728017403165 0.000249219043248952 0.000252275878817193 0.00025372524248959 0.000251399816838288 0.000253697943224923 0.000254367115950531 0.000255979874396608 0.000259670895741199 0.000257041797715436 0.000261435263912721 0.000265811298948892 0.000263361691310364 0.000262842171506893 0.000265258377238777 0.000266299832795223 0.000261477208791868 0.000258534534835271 0.000257556287654409 0.0002582443667634 0.000256079051348782 0.000254914201692389 0.000259020025307668 0.000262557816280023
0.000162999431280255 0.000161546705833739 0.000161345104082542 0.000166738400111217 0.000162748109309805 0.000172119509258817 0.000182325431953874 0.000127415593558725 0.000140992198574429 0.000144525697856569 0.000135675857371592 0.000141647430454272 0.000140681388809318 0.000169118886313809 0.000155139326362372 0.000148070479341712 0.000168839945589075 0.000184757398993418 0.000183189686218988 0.000190875091583244 0.000194393130995002 0.000202079190790212 0.000215386745798269 0.000226018391106172 0.000236146749089525 0.000241973978287192 0.000245637944670329 0.000246475947261594 0.000247168506469792 0.000246088397403422 0.00024335507557917 0.000244057198505152 0.000246854649377995 0.000250157393554234 0.000252127935603655 0.000252638237887918 0.000256624865006487 0.000255772371930844 0.00024963565597479 0.000255752713801616 0.000256835276699483 0.000256870039372239 0.000245460174059696 0.00024540704869954 0.000241051492676122 0.000248852211772184 0.00023770909488836 0.000243427621942632 0.000201004460158917
0.000139708034004041 0.000137090580145044 0.000133195845907606 0.000134373512142739 0.000134196566181302 0.000128586470464607 0.000104364696283939 0.000119173984320938 0.000117990118178848 0.000105833334862632 0.000120942192896515 0.000145927296874217 0.000135613786496056 0.000140501619674418 0.000136781034026422 0.000133994368743036 0.000140320755580292 0.000154920244851695 0.000160649147955453 0.000175782949359854 0.00014980080223594 0.000167201005849358 0.000189761546698813 0.000209487150684766 0.00022516498346549 0.000231790280664383 0.000237092790019437 0.000233090481500824 0.000233161183427161 0.000234751749836875 0.000239880021667479 0.00023439019307396 0.000232142372511641 0.000237152130583559 0.000247181313536791 0.000250645390445209 0.000245962901081036 0.000232663515739972 0.000230323821950961 0.000239729706172775 0.000251556682390323 0.000250456163115847 0.000250984879307192 0.000224049141674753 0.000221961353483388 0.000212883673068689 0.000156456793484686 0.000136141122210187 0.000169134713647545
0.000109816947708556 0.000109726496711139 0.000110223552326427 0.00010842375856186 0.000101744903100725 0.000103643513080356 0.000111876674063431 0.000103482556084187 0.000116944282042915 0.000125882510026089 0.000132817312694918 0.000139250258093682 0.00015620740182767 0.000154802407429593 0.000127643129700571 0.00013036037595754 0.000145916463787282 0.000153456141268009 0.00014154950890946 0.00013940498549802 0.000167465115707127 0.000150138509275424 0.000164439863573679 0.000188687426000167 0.000194444979451997 0.000204508391380747 0.000211060213632359 0.000209386072472827 0.000206844715358958 0.000208310341231738 0.000221825449040821 0.000201952315305797 0.00021673787858336 0.000222732675150778 0.000221996790348428 0.000227520918174299 0.000224435685977482 0.000212260102941597 0.000209062114126198 0.00020840528765298 0.00023418755325475 0.000230382929868763 0.000228870078265404 0.00019201754833479 0.000166481722881237 0.000161172342622433 0.00014324918133729 0.000160861215807796 0.000186124627432603
8.57718498800889e-05 9.10382462270747e-05 8.65332693069124e-05 8.36224170952734e-05 7.99031939154574e-05 8.350763937207e-05 9.35291269454032e-05 9.85959291606298e-05 0.000106900555418431 0.000116326039264578 0.00012539783082957 0.000132410851604071 0.00013082296952361 0.000124916157615294 0.000115110355201337 0.000105732628460311 0.000110053284604076 0.000114541382310361 0.000121715781946209 0.000131380465802281 0.000135098070157293 0.00013648053571826 0.000147658005753451 0.000150380502274101 0.000162581090647785 0.000166451084723662 0.000176328586595587 0.000179546231725765 0.000180702232702334 0.000182087747323514 0.000191120106436896 0.000196391975232107 0.000209839890393313 0.000205721854026405 0.000192647422604337 0.000198193189121703 0.000196110708486145 0.000192756185854748 0.000201286625765655 0.000188263422862151 0.000208272649689769 0.000178491103826105 0.000156509377120261 0.000143128976893982 0.000143862196031978 0.000151913410664196 0.000143977740088828 0.000153554380688135 0.000169040764975728
6.8446619382351e-05 6.65750377658012e-05 6.46057305863447e-05 6.17815090482751e-05 6.66025509987478e-05 6.94564379681317e-05 7.50433235755877e-05 7.63832380262509e-05 8.60715931253235e-05 9.2440393659059e-05 0.000106310946623916 0.000112814486096796 0.000110575683184417 9.70799117150179e-05 9.10725481594831e-05 8.7088439729978e-05 8.14692458687619e-05 0.000102038723610025 0.000104088643077028 0.000131339103965163 0.000125971756265226 0.000129344318956016 0.00012276580506547 0.000132006080819928 0.000135284230972458 0.000142670732535646 0.000143811867397537 0.0001523960759922 0.000159903017453139 0.000148198743037071 0.000158648516238279 0.00018229830031933 0.000180956109496719 0.000192005239455783 0.000206672102107161 0.000177252089289259 0.000162111645133061 0.000151592126402015 0.000146886519392865 0.000139981961970832 0.000131205987997748 0.000119532541240641 0.00012566570242131 0.000122124875319831 0.000133535213636107 0.00013245343591534 0.000124161477800702 0.000133059219124113 0.000173875663307876
5.47754171460259e-05 5.0808309499759e-05 4.81000649041602e-05 4.84093002255454e-05 5.16028509067329e-05 5.10949100787287e-05 5.22294047416993e-05 5.76476979954101e-05 6.58588899183831e-05 6.86031174747289e-05 7.42249704471403e-05 8.00034715391249e-05 7.57446498885584e-05 7.35380860488507e-05 7.10611932145515e-05 6.66309135790199e-05 6.74355492656976e-05 8.11192615767176e-05 9.12553511754559e-05 0.000119302112261727 0.000131416129558213 0.000121869581025924 0.000123468743176532 0.000115529957997841 0.000113240908086712 0.000117190890173596 0.000132591194980417 0.000127489524659702 0.000130930972532145 0.000142338010605946 0.000120196463064603 0.000144318485358284 0.000143166650381533 0.000168572162505736 0.000183667180701253 0.000170724660830083 0.000153472550550483 0.00015275459217658 0.000128010734787493 0.000122196993118887 0.00011616540350725 0.000141149731303366 0.000106124248843095 0.000108794558724273 9.63394442494112e-05 0.000129813276753733 0.000158464870270269 0.000135984371644037 0.000145870221093071
4.13152493682302e-05 3.66655729457527e-05 3.8065790120958e-05 3.87147388300452e-05 3.91779255001893e-05 3.96423422749057e-05 3.97293935454056e-05 4.20190788839411e-05 4.5145067233716e-05 4.85879553725583e-05 5.438548319136e-05 5.68346302544399e-05 5.7427010909939e-05 5.93851533220384e-05 5.20600176916702e-05 4.76180179436826e-05 5.49518530221178e-05 7.60624414576385e-05 8.55631367778317e-05 0.000100360720246558 0.000115264749974986 0.000115690697378524 0.0001115655018916 9.56097085173898e-05 9.85914930348319e-05 9.46709020067098e-05 0.00011332581799606 0.000115780357011668 0.000115950470342147 0.000120620248704901 0.000102372739678638 0.000117541786179931 0.000124626988905095 0.000131627449552925 0.000130866474574735 0.00012698877453611 0.000119159910087004 0.000112432621164852 0.000107865269641056 0.000138102977376993 0.000140693029624668 0.000145087146357303 9.94625569863119e-05 0.000134468318929284 0.000103857930268573 9.68403557416928e-05 0.000149612613541609 0.00012149603757226 7.58785575347972e-05
3.26370151412538e-05 3.07140914574316e-05 3.16779977875731e-05 3.30310822677701e-05 3.26139216756413e-05 3.43822711116822e-05 2.83369355676715e-05 3.18382988992453e-05 3.43836098266417e-05 3.60282445316687e-05 3.90214544918788e-05 4.20984759911294e-05 4.16600936464184e-05 4.64838275626765e-05 4.05859637112003e-05 4.01100239831474e-05 5.24786120270141e-05 5.90816788316043e-05 7.3436038562928e-05 8.54535610756371e-05 8.50848838604165e-05 8.65552675853742e-05 8.8582131582395e-05 8.55784468422577e-05 8.20830749666572e-05 8.73838358111144e-05 0.000105186469755834 9.08884141947056e-05 0.000112001067650969 0.000111825454941616 0.000121809320729488 0.00010645369764533 0.000103507032380937 9.72868576032008e-05 9.54828249085914e-05 8.5718537676586e-05 7.87348786807608e-05 8.48092011762692e-05 9.46041941359288e-05 0.000132907434122109 0.000136983400759536 0.000151247382068663 8.96887293001666e-05 0.00014796373499677 0.000120909895551199 9.96067492912607e-05 0.000107182602451684 5.26913083176719e-05 5.91734305647343e-05
2.92426927977092e-05 2.58938758859161e-05 2.65909260505466e-05 2.5879476621695e-05 2.69990243107796e-05 2.80676847229878e-05 2.6030318176352e-05 2.69228902667191e-05 2.7179989592929e-05 2.81464630774918e-05 2.96074191425204e-05 3.1776490245198e-05 3.42464683819569e-05 3.40574384266566e-05 2.70781069818577e-05 3.15170806633351e-05 4.19643067111091e-05 4.21411255408003e-05 5.19793130630734e-05 5.94141293197607e-05 6.4940094008532e-05 6.88231797558414e-05 7.43338608418055e-05 7.73325339254263e-05 6.94375620380229e-05 7.24869543645406e-05 7.15615086400002e-05 7.8888418077139e-05 8.90623041708326e-05 9.06580825597831e-05 8.2957771180462e-05 6.90876293655386e-05 6.51284526370055e-05 6.52182160605909e-05 6.07602521841433e-05 6.12861216685231e-05 7.91287649157775e-05 6.61796398632491e-05 8.74112241027042e-05 0.000116790006953147 0.000112924281336943 0.000106137273133804 7.58663019746809e-05 9.59340021128509e-05 6.87271697069285e-05 7.49408751349708e-05 7.61611086193063e-05 5.67179934646739e-05 4.26873043327556e-05
2.40611319543627e-05 2.15878165537833e-05 2.19604547947881e-05 1.89374451658948e-05 1.90916080838876e-05 1.97877153104673e-05 1.94753170817364e-05 2.18147310657904e-05 2.31329256519269e-05 2.29859726569642e-05 2.38678297005206e-05 2.39773199364385e-05 2.51184292531543e-05 2.43681909283858e-05 2.24622595088744e-05 2.46556428713183e-05 2.8726608667618e-05 3.14834405109789e-05 3.6894633664629e-05 4.32009582405689e-05 5.12133233867526e-05 5.90020365641772e-05 6.29470212466795e-05 6.24171165986947e-05 5.92454749972874e-05 6.26491245210095e-05 5.94714590074835e-05 6.10439883398908e-05 6.81202132063418e-05 6.93569890344319e-05 6.55285760115648e-05 6.98169731633734e-05 6.97076333723265e-05 7.42362789778859e-05 7.30533436457202e-05 6.24228456297653e-05 6.02457320550832e-05 6.40754198902428e-05 6.93086970096204e-05 7.09294482664534e-05 5.92657824002244e-05 5.6238079686197e-05 5.64353894302099e-05 8.62619394191476e-05 6.11536582850451e-05 5.55984482043179e-05 4.40738477657047e-05 3.85995164730876e-05 3.16177660718107e-05
1.83212254423374e-05 1.64231507232839e-05 1.6235219022204e-05 1.49235549963693e-05 1.37824792560601e-05 1.36352047509813e-05 1.47322362075087e-05 1.50126431088474e-05 1.35880637262319e-05 1.61224698116245e-05 1.69674788872666e-05 1.91448450508193e-05 1.90114649234361e-05 1.79121484694456e-05 1.42640937709044e-05 1.79547494421626e-05 2.26135614680366e-05 2.35282149868068e-05 2.78497897094593e-05 3.32652202198794e-05 4.33321445420507e-05 4.78421537284018e-05 4.69306639492639e-05 4.52745987814107e-05 4.66245736555535e-05 4.80803550344131e-05 4.36959867866816e-05 4.72130827400792e-05 4.57974781366654e-05 4.62220519239617e-05 5.45647432185802e-05 5.53772986633188e-05 6.92294836138003e-05 8.4341089909127e-05 8.80046923192376e-05 5.91010106266752e-05 7.49304268064441e-05 6.10744444087402e-05 5.92393451068273e-05 6.07252187066742e-05 7.63881567293134e-05 4.13953027876883e-05 4.79344604795977e-05 4.84328845830313e-05 3.7134723037069e-05 4.42913648990041e-05 2.68856030492513e-05 2.35221825867552e-05 2.1408243181443e-05
1.36170154819971e-05 1.16999799669374e-05 1.15549752681374e-05 1.16908340008233e-05 1.15745478120321e-05 1.08170170372075e-05 1.0456960337287e-05 9.98070039931306e-06 9.1169043446322e-06 1.0234757560881e-05 1.14075796638338e-05 1.27215930522881e-05 1.42151356921928e-05 1.34044996997063e-05 1.18226135198211e-05 1.55719106313246e-05 2.01229680511898e-05 1.81281003905976e-05 1.97317714090403e-05 2.66448729032676e-05 3.28404321592977e-05 3.33287295887371e-05 3.14517236746629e-05 3.21602997928364e-05 3.35011145945824e-05 3.41964477364039e-05 3.64553226508715e-05 3.78985749515534e-05 4.35280832736479e-05 5.667946435416e-05 5.29379261040413e-05 5.63446062282255e-05 5.62330261145956e-05 7.43726287659838e-05 6.4932359758242e-05 7.674562113067e-05 6.69274464065735e-05 5.99463112008049e-05 5.37229708482643e-05 5.39591001598039e-05 7.77408450339819e-05 2.57988816437171e-05 3.32056871655084e-05 3.04315514805868e-05 2.6724862897853e-05 2.03347218252517e-05 1.62495753184472e-05 1.45008898877653e-05 1.41080378790174e-05
1.18495178531308e-05 9.47876847520293e-06 8.34793573561526e-06 7.8996672187482e-06 8.44937801870256e-06 7.80490011344372e-06 7.40990830307283e-06 7.51382076081413e-06 7.16715301070007e-06 7.13781108377253e-06 8.44866863175563e-06 8.71924012389565e-06 9.22771426338313e-06 1.07468578074531e-05 1.03990722967721e-05 1.41362645120735e-05 1.17448572708073e-05 1.3095261010482e-05 1.70494580757919e-05 2.02773498052947e-05 2.18849351931417e-05 2.49763608550031e-05 2.6673667684793e-05 2.49797181772495e-05 2.55266200838194e-05 2.84399970173445e-05 3.28833488046147e-05 3.15783006818107e-05 3.69678988747231e-05 3.67866834607808e-05 3.61026400905679e-05 4.3862760596506e-05 4.68957463813323e-05 5.65069891311647e-05 6.47725553144708e-05 6.72020930278405e-05 6.3974109603979e-05 4.03466417177563e-05 4.22418399269153e-05 3.2821473143806e-05 2.32854983474485e-05 2.38053334917113e-05 1.80222760966632e-05 1.53082579925373e-05 1.59000347180408e-05 1.32392668781804e-05 1.0604099557978e-05 1.0122564313375e-05 9.41222653258467e-06
9.71134139444455e-06 9.11185968121672e-06 7.86369105342273e-06 6.83857531776013e-06 5.5542873363682e-06 5.83796593318441e-06 6.1040483228417e-06 5.90467061176373e-06 6.47401222129964e-06 6.0150382173684e-06 6.41423166957459e-06 7.02784656254188e-06 7.8358572787598e-06 8.22102246397541e-06 8.78546516687235e-06 9.59414574981288e-06 1.06457481921531e-05 1.12282574237435e-05 1.36450605760685e-05 1.56767819809581e-05 1.73308551634013e-05 1.98322619596209e-05 2.12877893142363e-05 2.37507253323352e-05 2.59962531425139e-05 2.57156870881136e-05 2.91660930650734e-05 2.89723854264643e-05 2.97658029958304e-05 3.55553304538582e-05 2.98768154624229e-05 2.9207071535805e-05 3.37687995235104e-05 4.00673155222109e-05 4.01049865110122e-05 2.57605195609294e-05 2.64422652081394e-05 3.43053885293956e-05 2.62422413719192e-05 1.83869173982332e-05 1.72412473243615e-05 1.02657697636968e-05 8.38637757985567e-06 8.81096441555085e-06 8.61656680363691e-06 7.66089681154106e-06 8.26467263279702e-06 6.88647456964089e-06 6.2116713859968e-06
6.9638647286359e-06 6.70827200728304e-06 6.68006279518158e-06 5.64626860546319e-06 5.01320626509621e-06 4.78024735053555e-06 4.43032932140024e-06 4.94150180814017e-06 4.62233212698615e-06 4.39017181224531e-06 5.22659307168156e-06 6.45062141694465e-06 6.8102505938438e-06 6.77310443947259e-06 7.29611476884969e-06 7.36479395950667e-06 9.08143967531322e-06 1.02771743877143e-05 1.19796521845179e-05 1.33614630581349e-05 1.54152432386025e-05 1.77490479353025e-05 1.85593930715338e-05 2.00550048647034e-05 2.16512489856023e-05 2.06507089769863e-05 2.18556075337796e-05 2.44711152625959e-05 2.66462123225717e-05 2.58387180734831e-05 2.14150461790897e-05 2.99697431171487e-05 2.24328874955629e-05 2.33063618890348e-05 2.92694608041806e-05 1.83911976025109e-05 1.51852212472218e-05 1.38536815469973e-05 1.40013773041382e-05 1.0235449940137e-05 8.20066551713441e-06 6.45435039229376e-06 6.0765909703953e-06 6.09338930696314e-06 7.12829785154982e-06 6.43923585125944e-06 -9999 -9999 -9999
5.16409043084342e-06 4.78893901416353e-06 4.90713710836203e-06 4.79544383813174e-06 4.4229443222133e-06 4.1144396828006e-06 3.89092890152127e-06 4.1258029504986e-06 3.56507618197726e-06 4.04155149056487e-06 4.28410839117536e-06 4.75543868706777e-06 4.89519766035258e-06 4.77716499914078e-06 4.91261639975447e-06 5.9376416569855e-06 7.14337336746382e-06 7.81421186590128e-06 9.82774629124267e-06 1.17945350165146e-05 1.38258631001314e-05 1.51879399070666e-05 1.5670007222215e-05 1.474701655044e-05 1.58318558354556e-05 1.40321014116715e-05 1.50584584199273e-05 1.86844548146168e-05 1.90689267467313e-05 1.66296581835778e-05 2.68125159213349e-05 2.53356180400418e-05 1.65234345259714e-05 1.91906279137152e-05 2.21800098406352e-05 1.21744928416164e-05 1.00579115670574e-05 1.08948718330663e-05 8.99558648190218e-06 6.65489612189642e-06 6.72980124377012e-06 5.11018318288469e-06 6.25389124433203e-06 -9999 -9999 -9999 -9999 -9999 -9999
