data/WIWA101.like.asc
NCOLS 228 
NROWS 80 
XLLCORNER -168.1 
YLLCORNER 31.2 
CELLSIZE 0.5 
NODATA_value -9999 
[rows 0 to 20 of 80, columns 0 to 48 of 228]
-9999.000000000000000 -9999 -9999 -9999 -9999 -9999 -9999 -9999 -9999 -9999 -9999 -9999 -9999 -9999 -9999 -9999 -9999 -9999 -9999 -9999 -9999 -9999 3.64584404566061e-05 3.52059668926448e-05 3.37183182382533e-05 3.11506189298407e-05 2.97198373835157e-05 2.82389891518884e-05 -9999 -9999 -9999 -9999 -9999 -9999 -9999 -9999 -9999 -9999 -9999 -9999 -9999 -9999 -9999 -9999 -9999 -9999 -9999 -9999 -9999
-9999 -9999 -9999 -9999 -9999 -9999 -9999 -9999 -9999 -9999 -9999 -9999 -9999 -9999 -9999 -9999 5.35872310850076e-05 4.97659724994403e-05 4.7287752329107e-05 4.51175917068441e-05 4.36262650708735e-05 4.15455685848195e-05 3.93410994551058e-05 3.75831414930215e-05 3.59967704923854e-05 3.40020057726824e-05 3.29132649770071e-05 3.13747338563058e-05 3.01416046653369e-05 2.66777547702722e-05 2.68789458528293e-05 2.52517388456329e-05 2.23197282923223e-05 -9999 -9999 -9999 -9999 -9999 -9999 -9999 -9999 -9999 -9999 -9999 -9999 -9999 -9999 -9999 -9999
-9999 -9999 -9999 -9999 -9999 -9999 -9999 -9999 -9999 -9999 -9999 -9999 6.69872747908967e-05 6.3884722077736e-05 6.03846079059394e-05 5.85996642466542e-05 5.63415764981671e-05 5.28121987512191e-05 5.09901678024957e-05 4.84360779509979e-05 4.62336028171909e-05 4.37267530004686e-05 4.12854814704936e-05 3.9714447934242e-05 3.8148993369632e-05 3.67078502041557e-05 3.49545731918553e-05 3.23743869072076e-05 3.10622186341141e-05 2.93008084437119e-05 2.78349615204673e-05 2.67090466479576e-05 2.533963148758e-05 2.44903486992925e-05 2.3183933242143e-05 1.89845411829964e-05 1.81609482705779e-05 1.77228602281739e-05 1.62061874786896e-05 1.4673512089321e-05 1.3731409071919e-05 1.3122241713909e-05 1.06733175792271e-05 9.55982087571876e-06 1.02519356521769e-05 8.66623664767426e-06 -9999 -9999 -9999
-9999 -9999 -9999 -9999 -9999 -9999 -9999 -9999 -9999 -9999 7.93592923436214e-05 7.57262489761756e-05 7.10210812305369e-05 6.63541451379613e-05 6.10846099687673e-05 5.41842816868978e-05 5.46372676869662e-05 5.35366453654165e-05 5.15799827926468e-05 4.63663525491767e-05 4.5140598661555e-05 4.36833322703033e-05 4.2209800763336e-05 4.04630375970422e-05 3.940924736808e-05 3.51580728331588e-05 3.71585035306514e-05 3.36267347545398e-05 3.17468221780723e-05 2.80706268820555e-05 2.64653169112808e-05 2.36470855650327e-05 2.51060179909948e-05 2.4534570260655e-05 2.16922086192883e-05 1.99946843874843e-05 1.72585238893237e-05 1.53924130393868e-05 1.47530113181326e-05 1.3576949499427e-05 1.09656155370462e-05 9.2463239903605e-06 7.80651632074915e-06 5.73998355789194e-06 3.81368796724413e-06 2.51174052797292e-06 2.50459330278171e-06 3.96679812117034e-06 2.76279272352109e-06
-9999 -9999 -9999 -9999 -9999 -9999 -9999 -9999 -9999 7.08855580981264e-05 7.97288569738083e-05 6.74807642526317e-05 6.5786410372139e-05 5.21562711975254e-05 5.47553725192669e-05 4.22332556618055e-05 4.14753331029941e-05 3.78629689527798e-05 3.98915153236856e-05 4.03343367062506e-05 4.01256918780485e-05 3.8928250419891e-05 3.71321152684939e-05 3.68789856621846e-05 3.48132816356189e-05 3.2527605943868e-05 3.06767773299006e-05 2.85131595339284e-05 3.00026534513066e-05 2.81522026154667e-05 2.54440430385335e-05 2.53085538147603e-05 2.27495511206536e-05 1.89164175932082e-05 1.99703919850705e-05 1.70705230133721e-05 1.37414000920459e-05 1.18541872095068e-05 1.11799524175892e-05 9.39060429310606e-06 6.97142996603466e-06 3.98061457352073e-06 1.34306496106867e-06 7.45724225337961e-07 9.03099838597528e-07 1.65567189724188e-06 8.65799213118283e-07 3.33018046286802e-07 3.18270672086263e-07
-9999 -9999 -9999 -9999 0.000102440581189281 0.000107001180130487 9.78268730334727e-05 8.92732286930668e-05 7.5497854135386e-05 7.29826440316931e-05 5.97108679591943e-05 5.74898504468341e-05 5.50141914673899e-05 6.02367686694834e-05 3.02230012256083e-05 4.15669169481516e-05 5.24134913195171e-05 3.81943026011635e-05 3.07208981813891e-05 2.94451918472565e-05 3.51293163428918e-05 3.20743871190383e-05 3.34893520450336e-05 3.29887840099798e-05 2.77885873986659e-05 2.65160241352686e-05 2.32313859285812e-05 1.93985175965044e-05 1.72509702041914e-05 1.78913721249028e-05 1.45269441528187e-05 1.44637230488739e-05 1.47706442027213e-05 1.55152637385017e-05 1.19879278559842e-05 9.31325998420929e-06 9.88020470581742e-06 7.09503276072603e-06 3.02628326776821e-06 1.54738530027098e-06 4.35192236939518e-06 1.8198594779809e-06 1.86926952937517e-06 2.08972647603879e-06 9.72555818923493e-07 1.39637237152299e-06 5.06178180708638e-07 1.43088850789173e-06 1.7210621109346e-06
-9999 -9999 -9999 -9999 0.000123322256120043 0.000122161453093124 0.000110520579816586 0.000110154103074052 0.000102057498163064 9.73121248410577e-05 7.63325343091022e-05 8.85353890639867e-05 8.40682978654938e-05 6.91228673433821e-05 7.20140447631559e-05 6.12320656885255e-05 5.3286317130915e-05 5.81209837584725e-05 5.24740538938475e-05 5.25161022599844e-05 4.76909075175961e-05 3.79585925365639e-05 3.1971924553716e-05 2.21858280739695e-05 2.18949330873086e-05 1.65158247743593e-05 1.82243785267457e-05 1.62648917526382e-05 5.11319323430189e-06 9.60892897115231e-06 1.30260212281023e-05 8.37388351711969e-06 7.52144156094229e-06 8.01236955939987e-06 8.44492283385993e-06 2.25157896755324e-06 4.33163502614232e-06 5.98765017293161e-06 5.17848481417338e-06 2.35476748248712e-06 3.34570723947411e-06 2.11655338445268e-06 4.41813215402877e-06 3.39767700714068e-06 3.71574727902138e-06 2.66370191164571e-06 3.14181015630087e-06 2.65297805271547e-06 2.41878491015874e-06
-9999 -9999 -9999 -9999 -9999 -9999 0.000129731627936829 0.000130522935111459 0.000125650818624951 0.000108200483388381 0.000114873287141759 8.71777320222265e-05 9.44522879613795e-05 8.66918694262751e-05 6.73632228747214e-05 6.16251246524032e-05 7.12692302561915e-05 5.40739568305922e-05 5.22292229856764e-05 4.13076112084752e-05 4.32179113014918e-05 4.88302666383502e-05 4.90470682697775e-05 1.49010596631512e-05 2.09438752279703e-05 1.33982024259248e-05 1.03386620557474e-05 1.01370460031602e-05 2.14228196970403e-05 9.29326536328028e-06 7.28380986419516e-06 1.18700473729981e-05 1.46130865145577e-05 1.94091036368339e-05 2.05663952455326e-05 1.4105396053904e-05 1.22229398630106e-05 6.21777971678754e-06 4.64770289786741e-06 3.27349774866996e-06 8.76732672263053e-06 6.96951129730482e-06 5.21965125217558e-06 7.72521950309959e-06 6.39565970268382e-06 7.4548389562458e-06 4.85492476978999e-06 5.05773796024882e-06 5.07077947181629e-06
-9999 -9999 -9999 -9999 -9999 -9999 -9999 -9999 -9999 0.000136391678981451 0.000129466681976376 0.000127737382509489 0.000122228428051314 0.000114064841771872 0.000109008541032385 0.000106337738617949 8.90481355553793e-05 9.36980956227463e-05 8.46234394671604e-05 8.21162891096279e-05 8.28571946406604e-05 7.50968904003602e-05 6.49624509088806e-05 3.66777407871324e-05 3.3559869640527e-05 3.40166856766607e-05 2.89848277745181e-05 4.07012690996464e-05 2.810142853186e-05 3.60022779462134e-05 2.31943947070641e-05 2.28763899295358e-05 2.86055708398624e-05 3.19906302846237e-05 2.03263428556422e-05 2.18160705785988e-05 1.2359633499242e-05 4.28636919065439e-06 6.3637452389564e-06 1.33685303545071e-05 1.26663578454642e-05 1.46490166089999e-05 1.419065210896e-05 1.5439411211868e-05 1.45964599908145e-05 1.3624904320165e-05 1.22680920237619e-05 1.12658175248223e-05 1.08105419245369e-05
-9999 -9999 -9999 -9999 -9999 -9999 -9999 -9999 0.000152535862157644 0.000149564710951456 -9999 0.000144350485897134 0.000139645961584351 0.000134451245212623 0.00012997050230893 0.000124883853776129 0.000119442256595996 0.000114473565575977 0.000109223367604715 0.000102299776368348 9.73268464135409e-05 8.73277393211172e-05 7.87652682769914e-05 7.09088207376354e-05 7.51142288210831e-05 6.54839812711508e-05 5.83977683916798e-05 6.16069644779731e-05 4.76061914876064e-05 5.44033666256493e-05 5.15192636810857e-05 4.90379195466436e-05 4.76125677570234e-05 4.57558742950063e-05 3.18172552286131e-05 2.35936987525329e-05 1.85641541593852e-05 1.39520387428958e-05 2.13211549699503e-05 2.262449806791e-05 2.58024657829847e-05 2.49324393006225e-05 2.32894058059282e-05 2.20467347782257e-05 2.05740472064136e-05 1.87580135785083e-05 1.69530796000308e-05 1.54472440634986e-05 1.38102736074974e-05
-9999 -9999 -9999 0.000170899788529981 0.000174188502618528 0.000174818365735946 0.000171448351973714 0.000165803424671764 0.000163133393705885 0.000142629292841983 0.000150942859962578 0.000152576580884093 -9999 0.000131458202813725 0.000134843850879057 0.000128963387531456 0.00010624282357505 0.000103393383835533 0.000101509334889874 9.41562619658738e-05 0.000104630520671207 9.90660985642211e-05 9.39965206610642e-05 8.94164925212607e-05 8.77987216622795e-05 8.5135182928486e-05 6.30352710553257e-05 7.48752495854131e-05 3.31357440777695e-05 5.69665968778302e-05 5.62095820106844e-05 4.82040569090023e-05 5.10011243564575e-05 3.45014192954749e-05 4.4134927064471e-05 4.10460835741058e-05 3.39293201024874e-05 4.05167563888518e-05 3.80816381499157e-05 3.38491468747792e-05 2.69360557366827e-05 2.44243174530892e-05 2.15109605398776e-05 2.19959712939674e-05 1.98628504829065e-05 1.74553012375557e-05 1.77817055987991e-05 1.7634413479748e-05 1.39893530189009e-05
0.000191242730164919 0.000181253581576947 0.000192193801854788 0.000187033231248161 0.000187465165039357 0.000180439291132157 0.000169258251348242 0.000176257974857568 0.000173845572284737 0.000149561376958399 0.000145286595305883 0.000157976818566024 0.000153364273269967 0.0001386683349306 0.000149313891158492 0.000132755685813233 0.000119464072272415 0.000116598978616166 0.000114078325760841 0.000116954593896204 0.000112167706728063 0.000118264796478969 0.000114909429256364 0.000110982931831278 0.000103368128224811 9.39602697772102e-05 7.16027733549341e-05 7.53117300816725e-05 5.06706225187439e-05 6.46627350272718e-05 4.7251121583166e-05 5.92854282641769e-05 5.34843295851357e-05 2.87722901112125e-05 4.05285115034705e-05 4.40493370230573e-05 3.48458633906079e-05 3.43372292576249e-05 3.9317281078418e-05 3.64194916251857e-05 2.04424558520926e-05 1.33270837077277e-05 1.29978890212677e-05 8.24223720326607e-06 7.10093585611275e-06 5.43231533594564e-06 1.02168797156296e-05 1.69176917560071e-05 1.38767200283082e-05
-9999 0.000202035564710631 0.000202084063471426 0.000202817540461693 0.000157314085710509 0.000175930076165672 0.00017418441934778 0.000191024330251638 0.00018639067723366 0.000180336188083126 0.000181138676101833 0.000150453929316776 0.000177799615274292 0.000171328704338995 0.000171688801886526 0.000151419529726065 0.000124526696343834 0.000105068893800821 0.000122335114781063 0.000108086547148555 0.000121485061639943 0.000132645866198909 0.000130146624149423 0.000115646692374488 9.08184071115531e-05 9.51620130848155e-05 4.84972866416866e-05 9.55703083118036e-05 8.82234572352466e-05 7.4942682003852e-05 7.64989099356053e-05 7.73389066964887e-05 6.9653335408793e-05 7.47932717935679e-05 6.87412056787942e-05 6.37829404904818e-05 5.37883328229481e-05 5.10733168757314e-05 5.3597061627554e-05 2.44871269097077e-05 3.31435689398089e-05 2.48075491382704e-05 2.60149669959316e-05 2.0910363789864e-05 1.59157314721677e-05 9.559585067096e-06 7.18184429649107e-06 5.96858234605116e-06 5.49585770182712e-06
-9999 -9999 -9999 0.000216053117110264 0.000216582197165765 0.000213799038367716 0.000211260495990572 0.000211268105866962 0.000209357552355555 0.000208780616628044 0.000206086443554664 0.000201221985870959 0.000197943860879385 0.000198471217911841 0.000192868873540772 0.000162214896916829 0.000143848710279525 0.000100498745554935 0.000112929797002234 0.000154244613840547 0.000154970248436852 0.000121139489305508 0.000132967939307607 0.000124674022780028 9.47097549654786e-05 0.000118560779442861 0.00011705059214385 0.000112927270541507 9.67766985958027e-05 0.000104891051871525 7.35879099738892e-05 8.10234899403035e-05 7.00413843439828e-05 7.47181924645817e-05 7.37072361094507e-05 8.24254286336675e-05 7.59602268557494e-05 7.14507784512383e-05 6.75968937902231e-05 5.79658817489034e-05 5.11462341311241e-05 4.54642329407094e-05 4.26163277284649e-05 3.25679636854295e-05 1.90351701604512e-05 1.31033467026214e-05 1.23365600946344e-05 1.02098011633486e-05 6.93828387721684e-06
-9999 -9999 -9999 -9999 -9999 -9999 0.000228046996487083 0.000227574514820478 -9999 -9999 0.00022273365623953 0.000218832176302534 -9999 -9999 0.000211999469492213 0.000189938801460186 0.000176436254228479 0.00016418792452269 0.000177541295357751 0.000176941207630916 0.000168159880165262 0.000154771730051862 0.000140504527547864 0.000130414836322018 0.000145677318767104 0.000122033031413824 0.00012173527704283 0.000121474132729947 9.97533593916869e-05 9.07588893159925e-05 9.8554773503881e-05 9.53685420852386e-05 9.74557343583091e-05 9.21960171082383e-05 9.5836797796348e-05 7.23323540696841e-05 7.1763755055366e-05 4.11589429690529e-05 2.73459074726265e-05 2.77366349427405e-05 2.52421187599156e-05 1.08172126317168e-05 2.8779031701166e-05 3.10156356009257e-05 3.30685299618274e-05 3.37583396062017e-05 3.04438137598097e-05 1.73715993614009e-05 1.0073732540166e-05
-9999 -9999 -9999 -9999 -9999 -9999 -9999 -9999 -9999 -9999 -9999 -9999 -9999 -9999 -9999 0.000201292527498421 0.000162182820174558 0.000205036173297898 0.000203602526103816 0.000198723353285957 0.000192278297510789 0.000183466118105565 0.000169227903715474 0.000151504632007166 0.000138544601827292 0.000141839645785312 0.000104563205821217 0.000113218233252995 0.000127521229359118 0.000123257433553193 0.000123376509279001 0.000115257292966674 0.000108935597944346 8.25745545674128e-05 7.69822626784608e-05 3.18564369144825e-05 2.02516837374214e-05 2.53951014568501e-05 2.71935471980017e-05 2.57994051817651e-05 1.50832411969029e-05 7.36294305097332e-06 4.15898863236718e-06 3.50519846317941e-06 1.45250548570277e-05 2.39520475939194e-06 1.7364470737285e-05 4.2517166671101e-06 2.33843804970718e-05
-9999 -9999 -9999 -9999 -9999 -9999 -9999 -9999 0.000249228529711732 0.000249450022863269 0.000247498229793322 0.000225673966022555 0.000225788622551534 0.000212147229210443 0.000224248672264817 0.000226179900170258 0.000229254012717546 0.000224835811442983 0.000223405411296257 0.000219056509164072 0.000210792698414828 0.000193228974770492 0.000142635397528533 0.000155520252538839 0.000166123414453438 0.000169497586279825 0.000169272359819549 0.000162264383261477 0.000156681298315021 0.000149516302649096 0.000128810606894747 0.000103902726013275 6.64683622881866e-05 2.70360880139217e-07 7.03385949003238e-06 1.28795511784803e-05 4.23425339333483e-05 4.23937241098389e-05 2.56820958124722e-05 3.39679951775936e-05 2.16635768286222e-05 3.27557794253018e-05 1.96520146619766e-05 1.92926096557615e-05 1.8283902396659e-05 1.78056177362938e-05 1.33394245824763e-05 1.23688957285919e-05 1.48860172741199e-05
-9999 -9999 -9999 -9999 -9999 -9999 -9999 0.000254505695922652 0.000256172907867198 0.000257007685201675 0.000255212626932578 0.000251757497443399 0.000253349069820407 0.000232501683747185 0.000250985855335161 0.000248120910389501 0.000247379359812323 0.000236382634750677 0.000233232991384786 0.000232506408805789 0.000219777996654303 0.000184479268103471 0.000189726944174747 0.000177844569945535 0.000189883188334221 0.000186700442600098 0.00016956742707786 0.000170252467382693 0.000146442643513337 0.000119489165645204 9.61862966292833e-05 0.000124665804763536 0.000124773514838151 6.59168788818129e-05 5.58447427948977e-05 0.000107963330851332 0.000118632962132595 9.99867029361518e-05 4.7063043882748e-05 3.10738624739535e-05 2.70642019099276e-05 3.71823215356569e-05 3.99025773911164e-05 3.88096390771014e-05 4.12828594664322e-05 4.00587651375811e-05 3.96602915981281e-05 2.37196077031215e-05 1.87322717026389e-05
-9999 -9999 -9999 -9999 -9999 0.000250401012906524 0.000253612558065298 0.000256853247748873 0.00025971701505818 0.000261955744695986 0.000263307199455519 0.00026433049699077 0.000264429403662975 0.000263247267153773 0.000261413357644343 0.000258067152805093 0.000259360000355994 0.000255644345132055 0.00024492484888213 0.000225471924100403 0.000231840572045976 0.000229847438542391 0.000209646115335353 0.00021465877244836 0.000217222622206198 0.000206098701185006 0.000166477482288571 0.000159635746805892 5.03832179642882e-05 7.55053216389575e-05 8.96374809021211e-05 0.000116640299110213 0.000175370844856581 0.00019659043140477 0.000189023867713292 0.000187515331723041 0.000184562847078055 6.48858345536297e-05 3.15965114678245e-05 2.31790099543807e-05 3.72025046285405e-05 3.45322581431129e-05 6.5549949896447e-05 7.50820924716882e-05 6.04200111912121e-05 6.8318305975082e-05 4.27892810823703e-05 1.73949217090259e-05 4.26218153408832e-07
-9999 -9999 -9999 -9999 0.000243402632075627 0.000247716122758973 0.000251684444713211 0.00025547440077345 0.000259361018322188 0.000262587150725163 0.000265330492901434 0.000267567114747887 0.000268833477212935 0.000269086805180688 0.000269429342760894 0.000268791823445146 0.000266759746807341 0.000264812698338789 0.000257473165298534 0.00024463243379573 0.000233101208212873 0.000231931391566254 0.000244318805509659 0.000239295687192364 0.000234827329007627 0.000224448472236866 0.000210571766765436 0.000191548315199345 7.92922660947518e-05 6.868612890544e-05 6.24640552612206e-05 4.60676955999856e-05 0.000146080839500701 0.000183206916047638 0.00017191919744464 0.000211341071292056 0.000207397087159875 0.000191436256032658 0.00015485543423112 5.0837285305004e-05 2.87680631991436e-05 2.63157520954763e-05 1.58503827010778e-05 3.98849874623054e-05 4.3337889496866e-05 5.98513710412733e-05 3.60080117808864e-05 7.18450289018946e-05 8.41765456717659e-05
-9999 -9999 -9999 -9999 0.000236255531422144 0.000239731429297734 0.000244662436463099 0.000249746036124093 0.00025418013349299 0.000258235632174534 0.000262289992466555 0.000265472063221275 0.000268268517424828 0.000270021819809906 0.000270910596378701 0.000270944774670432 0.000261300843457396 0.000251164463926001 0.000256838790399527 0.000245584322894941 0.000253595245259812 0.000232849801723766 0.000251542812356257 0.000245737325696164 0.000243078338400659 0.000213194011341617 0.000225167026103728 0.000229202276690029 0.000205594306785524 0.000169322466984625 9.84778592989273e-05 0.00014724770945158 0.000206590322014095 0.000233545405984481 0.0002306216903044 0.000224053110935749 0.000222476371184026 0.000126325460143112 0.000181311337953212 0.000141785069541695 0.000142196812673426 0.00017369550129385 0.000160746523833153 0.000153571968059352 9.44755983917456e-05 0.000110186502637137 0.000109395246077052 5.94107648699096e-05 0.000136923517539124
