data/WIWA101.like.asc
NCOLS 228 
NROWS 80 
XLLCORNER -168.1 
YLLCORNER 31.2 
CELLSIZE 0.5 
NODATA_value -9999 
[rows 21 to 41 of 80, columns 147 to 195 of 228]
3.67740433782398e-05 3.84660350843052e-05 -9999 -9999 -9999 -9999 -9999 -9999 -9999 -9999 -9999 -9999 -9999 -9999 -9999 -9999 -9999 -9999 -9999 -9999 -9999 -9999 -9999 -9999 -9999 -9999 -9999 -9999 -9999 -9999 -9999 -9999 6.36796784099706e-05 6.46164256570898e-05 6.40602769491164e-05 6.35359242010853e-05 5.96689664319174e-05 5.85337770964012e-05 5.80217845355989e-05 5.70919811265893e-05 5.29267115403563e-05 5.44235041492459e-05 5.39616186816787e-05 5.12395126537766e-05 5.29883663643689e-05 5.19113671292198e-05 5.20238118410863e-05 5.25100341867292e-05 5.91193929326775e-05
4.46823122042323e-05 -9999 -9999 -9999 -9999 -9999 -9999 -9999 -9999 -9999 -9999 -9999 -9999 -9999 -9999 -9999 -9999 -9999 -9999 -9999 -9999 -9999 -9999 -9999 -9999 -9999 -9999 -9999 -9999 -9999 -9999 -9999 -9999 -9999 7.27794151208986e-05 6.95489299530907e-05 6.83625162771998e-05 6.74643886081061e-05 6.57777702576128e-05 6.32604920283998e-05 6.27667658514727e-05 6.21700576229626e-05 6.04503729144563e-05 5.91281094083188e-05 6.43213447228401e-05 6.4561782281075e-05 6.095726894977e-05 6.53968319194619e-05 6.95814781895722e-05
5.46139913213972e-05 -9999 -9999 -9999 -9999 -9999 -9999 -9999 -9999 -9999 -9999 -9999 -9999 -9999 -9999 -9999 -9999 -9999 -9999 -9999 -9999 -9999 -9999 -9999 -9999 -9999 -9999 -9999 -9999 -9999 -9999 -9999 -9999 -9999 8.06573919344621e-05 7.65909723698338e-05 7.5529822716217e-05 7.45785660084322e-05 7.29492133054782e-05 7.21126588800314e-05 7.48636122173963e-05 7.37968355183125e-05 7.07078717245211e-05 7.03435147527687e-05 6.93997575674198e-05 7.01576986535694e-05 6.82753382250726e-05 6.95318078205119e-05 7.2509077149796e-05
6.57346576952853e-05 -9999 -9999 -9999 -9999 -9999 -9999 -9999 -9999 -9999 -9999 -9999 -9999 -9999 -9999 -9999 -9999 -9999 -9999 -9999 -9999 -9999 -9999 -9999 -9999 -9999 -9999 -9999 -9999 -9999 -9999 -9999 -9999 8.64645708375325e-05 8.36351409627612e-05 8.24263038876441e-05 8.10393126761931e-05 7.9497698343994e-05 8.07706294052614e-05 8.13659919017711e-05 8.05344211494071e-05 7.99243325621803e-05 7.90536072995621e-05 7.81612269292098e-05 7.75591198459817e-05 7.86341040112892e-05 7.76302166096796e-05 7.80072263068885e-05 7.88661980495916e-05
7.59404304854847e-05 7.77772018063201e-05 7.89637990029218e-05 8.13491577594506e-05 -9999 -9999 -9999 -9999 -9999 -9999 -9999 -9999 -9999 -9999 -9999 -9999 -9999 -9999 -9999 -9999 -9999 -9999 -9999 -9999 -9999 -9999 -9999 -9999 -9999 -9999 -9999 -9999 9.78558640342178e-05 9.29585288481725e-05 9.16768534428668e-05 8.99823532765902e-05 8.74380904145278e-05 8.73163041627493e-05 8.87995188176904e-05 8.83984147582764e-05 8.65212958960928e-05 8.46824729555144e-05 8.46600752730127e-05 8.57112286126605e-05 8.45770509526603e-05 8.62595536028223e-05 8.31998374938784e-05 8.71681251926432e-05 8.86455212380013e-05
8.51279877514962e-05 8.88122400378807e-05 9.19528884962374e-05 9.5266688579255e-05 9.63558475722966e-05 -9999 -9999 -9999 -9999 -9999 -9999 -9999 -9999 -9999 -9999 -9999 -9999 -9999 -9999 -9999 -9999 -9999 -9999 -9999 -9999 -9999 -9999 -9999 -9999 -9999 -9999 -9999 -9999 0.000108155584004787 0.000108330187896412 0.000101848039163756 9.84698407380565e-05 9.55389229461252e-05 9.47975710115735e-05 9.45820603355117e-05 9.57950035637972e-05 9.17899976916729e-05 9.35975735768434e-05 9.77683585676796e-05 9.5232292280604e-05 9.51530995385965e-05 9.2041250757693e-05 9.09169824488645e-05 9.06135103722717e-05
9.38327977418557e-05 0.000101404961161287 0.000104796816940318 0.000108280501704019 0.000112709694045579 -9999 -9999 -9999 -9999 -9999 -9999 -9999 -9999 -9999 -9999 -9999 -9999 -9999 -9999 -9999 -9999 -9999 -9999 -9999 -9999 -9999 -9999 -9999 -9999 -9999 -9999 -9999 -9999 -9999 -9999 0.000119781412633942 0.000108339792796537 0.000106720346511034 0.000105639375856799 0.000104693670099964 0.000103539900204269 0.000105386731487885 9.76137533989319e-05 9.74322190284996e-05 9.66085444395894e-05 9.70847217073623e-05 9.80816666145419e-05 9.8224930475293e-05 0.000102282856241511
0.000104738376637028 0.000116007681024049 0.000121108398684992 0.00012415456979357 0.00012797425165632 0.000128001629651798 0.000126888272468027 0.000128151965539179 0.000129617088055882 0.000130068893285271 -9999 -9999 -9999 -9999 -9999 -9999 -9999 -9999 -9999 -9999 -9999 -9999 -9999 -9999 -9999 -9999 -9999 -9999 -9999 -9999 -9999 -9999 -9999 -9999 -9999 -9999 0.000119242573219041 0.000118710754110759 0.000115178973021588 0.00011036077424063 0.000113502975108404 0.00010692775778017 0.000106331522462274 0.000109675846539415 0.000114666530448311 0.000105532490969239 0.000112332571777811 0.000107184870426204 0.000106465175746327
0.000127388272352416 0.000132809773128847 0.00013506284177197 0.000139889527938039 0.00013873663197015 0.000138753206827914 0.000138582578904704 0.00013976357845409 0.000140123402453283 0.000140902192153771 0.000142950523179774 0.000144529716234879 0.000146679436492943 0.000145590781548598 -9999 -9999 -9999 -9999 -9999 -9999 -9999 -9999 -9999 -9999 -9999 -9999 -9999 -9999 -9999 -9999 0.000140886587627709 0.00014156165655216 -9999 -9999 -9999 -9999 0.000142785425571542 0.000126065030484569 0.000124230345274826 0.000123985745364273 0.000123748057941605 0.000124517629491155 0.000123219792739325 0.000118671922088313 0.000119319067637912 0.000117162641858924 0.000118180180523038 0.000115971045809838 0.000111949900373983
0.000142480690205484 0.000147670290304438 0.00015302472637467 0.000152122628033121 0.000157775766028327 0.000152550230830402 0.000153169511233359 0.000151597154143736 0.000151290670545998 0.000152377445140937 0.000154677325048362 0.000155074619786684 0.000160360884738832 0.000161117777054592 0.000162626293439469 -9999 -9999 -9999 -9999 -9999 -9999 -9999 -9999 -9999 -9999 -9999 -9999 -9999 -9999 -9999 0.000150154839550912 0.000152344310874447 0.000153976013402257 -9999 -9999 -9999 0.000137945314474719 0.00013563497193941 0.000133844223998434 0.000134978691383427 0.000130645633420275 0.00013422313015957 0.000130836829674844 0.000130153679781232 0.000127673755197697 0.000128492352191487 0.00012156880565094 0.000120979035508477 0.000122452584414146
0.000162544907272056 0.000164770557051123 0.00016665836044371 0.000167257271003859 0.000171809932583918 0.000173711823387137 0.000173985035766054 0.000173556647229248 0.000172301627366922 0.000172339395194107 0.000171184841185113 0.000168794457320306 0.00017423054590179 0.000170951541413401 0.000168976916289365 0.00016807875788472 0.000168873917694947 0.000170754460483297 0.000169134014060732 -9999 -9999 -9999 -9999 -9999 -9999 -9999 -9999 -9999 -9999 -9999 0.000164909238208033 0.000165500166109764 -9999 -9999 -9999 0.000153996631934622 0.000147709112756232 0.000144487031883011 0.000144943226574013 0.000144795592232979 0.00014115233214679 0.000141610192247187 0.000140061403545612 0.000137118911384751 0.000133269510946123 0.000134126645586943 0.000133785411246525 0.000129685538934234 0.000129273681243313
0.000181572256473144 0.000183991992394881 0.000184395238171386 0.000185429685206528 0.000187610894159169 0.000190339238269881 0.000192337487885474 0.000191447915848045 0.000191039043629356 0.000189847314264672 0.000189917940088886 0.000188390562738742 0.000186808683596835 0.000186740282521219 0.000183262160175882 0.000181439642071241 0.000181056249891282 0.00018136497591996 0.000182788646544374 0.000181129463905388 0.000180013244435564 0.000178553536331524 0.000177862797066473 0.000177393986049994 0.000177419971188143 0.000177231487784488 -9999 -9999 -9999 -9999 -9999 -9999 -9999 0.000168664244787737 0.000167947958304228 0.000165317298111849 0.00015915202878503 0.000157084514703267 0.000153649695757658 0.000156958368220285 0.000142718489818596 0.000148296478002407 0.00014883260532043 0.000147129825135977 0.000147994263268287 0.000147218620064796 0.000147177009536948 0.000145858852269803 0.000139875734472639
0.000200992947165621 0.000201774279364925 0.000202745258937389 0.000203125982642188 0.00020296254414602 0.000201773169075074 0.000203216756714654 0.000202677786054056 0.000202668418121157 0.000203631026785206 0.000203846050699614 0.000202608810409123 0.000199850460286431 0.000198195914682158 0.000199817489632132 0.000197673945106559 0.000195983809107954 0.000194734649769432 0.000191728554461354 0.000187788078707938 0.000186102647611892 0.000187056137909337 0.000187547084111242 0.000188560509700443 0.000188804706450679 0.00018795424794363 -9999 -9999 -9999 -9999 0.000187962662793232 0.000183162384860609 0.000179346407173807 0.000178691615394551 0.000179134814618823 0.000175592743053376 0.000173482266453011 0.000169163207659806 0.00016798819592861 0.00016743018961419 0.000160116039911299 0.00015758277128182 0.000158671063948052 0.000157086307796061 0.000157578031203207 0.000157831871290289 0.00015754136391973 0.000149249921082729 0.00015168572637589
0.000216238464332458 0.000218876932174783 0.000218935189456436 0.000218633369848661 0.000218332365433141 0.000217655930977147 0.000217951443902011 0.000218294168636736 0.00021756259493654 0.000216417582314957 0.00021530212914955 0.000216030557459301 0.000215896456084539 0.000216110365394568 0.000214828969928783 0.000212814727414001 0.00021039820768813 0.000209188124952769 0.000206485116780402 0.000204651236569895 0.000202030123581811 0.000199723666045562 0.000198717231357385 0.000200333956720911 0.000200430981212478 0.000201763438491272 -9999 -9999 -9999 -9999 -9999 0.000196280356340991 0.000191560140086152 0.000187995990598421 0.000187004496090294 0.00018737928707851 0.000188927990326082 0.00018400757830402 0.000185160657695372 0.000182092777453938 0.000180563965306802 0.000173735990887392 0.000173776129999927 0.0001739989560199 0.000168381938478326 0.000169750130202083 0.000163311791698271 0.000165105397395665 0.000166498829238962
0.000233494889841231 0.000234187661425063 0.000234128321935684 0.000232125869629512 0.000233450399966009 0.000231663603127599 0.000231448043367093 0.000231987883549662 0.000230826404255273 0.000228356929311427 0.00022907638865984 0.000227597735584039 0.00022777828207109 0.000227595983709813 0.000225672879661679 0.000224579718133935 0.000222681585983171 0.000220745493451619 0.000218844834301294 0.000217648644266406 0.000215873239301044 0.000213968672116004 0.00021196380922112 0.000211084433119506 0.000210686654908362 0.00021022978068538 -9999 -9999 -9999 -9999 -9999 0.000210301353921779 0.00020396539466149 0.00020043129545811 0.000201029820125014 0.00019962887148091 0.000199258654041129 0.000195042431947874 0.000190319284366195 0.0001882243559614 0.000189636126084225 0.000188316522403079 0.000183872853050358 0.000182851715670678 0.000181155344483206 0.000182133937353891 0.000177737590938408 0.000178670127613585 0.000179440270481724
0.000246741021985066 0.000249177809909405 0.000249940372180466 0.000249183771692734 0.000248462762091437 0.000248061581349711 0.000246364985388185 0.000244308599129763 0.000242544497874174 0.000243567619267824 0.000242894016017649 0.000240769056996488 0.000239226310599939 0.00023912905288607 0.00023745613850653 0.000235383419070795 0.000233982655304429 0.000232276734126558 0.000231032681110637 0.000228842877223152 0.000227027231928548 0.000225248594064187 0.000224253047910673 0.000223061551545551 0.000222824899914276 0.000220501536880786 0.000221574680756414 0.000217805860069368 -9999 -9999 0.000221409017812941 0.000220947521516645 0.000215870695121225 0.000210680464794672 0.00020846598990037 0.000210549731286734 0.000209647719074535 0.000204589712502464 0.00019984145771204 0.000197213179607218 0.000197417983941301 0.000198366604575311 0.000197122782796147 0.000195210708162526 0.000190221487500318 0.000190270179982831 0.000188044483677158 0.000191476176987845 0.000193624519406056
0.000260063814915589 0.000260225407671264 0.000260346056615099 0.000259642201104178 0.000259883073166701 0.000258871469031322 0.000255764855386911 0.000254247229674724 0.000253634580792499 0.000253555077312382 0.000251897609337498 0.000250035991325376 0.000248582845898494 0.000247219153804744 0.000245501043095 0.000243792522445607 0.000243679689384944 0.000241649304317369 0.000239078896905947 0.000238038362745364 0.000235696945021242 0.000235609555760308 0.00023482493179201 0.000233557979093583 0.000232075407965979 0.000230580616754461 0.000232924969749973 0.00023187409000951 0.00023118895253156 -9999 -9999 -9999 0.000226962482645772 0.000223522511988893 0.000219959416500506 0.000219056155949183 0.000219845377358161 0.000213822611789433 0.00021507867396543 0.000214319149110159 0.000208582166803577 0.000209748856387123 0.000207408076719385 0.000204943866374131 0.000208026421783779 0.000206939096741604 0.000206195053253437 0.000198509510754613 0.000194483432081848
0.000271438929306636 0.00027112970948713 0.000270685262811815 0.00026927250955404 0.000268857063710905 0.000267040810337812 0.000265241913291075 0.000264492166700484 0.000263313154122062 0.000262574424300122 0.000261588874497049 0.000259696211104986 0.000258124022944157 0.000256475572939277 0.00025493535049302 0.000252754708409543 0.00025262270419291 0.000250633182532609 0.00024854524106339 0.000247230055883757 0.000246138052922715 0.000245221167811435 0.000243924129414506 0.000241989046072162 0.000240523110085294 0.000239357659396297 0.000237894882443724 0.000240933675777564 -9999 -9999 -9999 -9999 0.000238181027389727 0.000232592359836885 0.000228741619674379 0.000229168741045586 0.000228315023686133 0.000225959902051623 0.000226395791057689 0.000222488249412713 0.000225024422697959 0.000224630001417633 0.000223756908350227 0.000222954098484465 0.000207841287547857 0.000210718048738175 0.000207208734410931 0.000204715162340456 0.000211100436747304
0.000278400750023587 0.000277625099623788 0.000277487527781554 0.000276561460633065 0.000275498093926641 0.000274478595086065 0.000273499614086764 0.000272427256752719 0.000271317189273835 0.000269643487645408 0.000267280756414502 0.000265878560835521 0.000264535707521024 0.00026283601516428 0.000260988997611645 0.000259600721477599 0.000258942749749723 0.000257541346953548 0.0002561127845381 0.000253902108717733 0.000253436386438648 0.000252492696116831 0.000251233074028694 0.000249763829543735 0.000248202486124162 0.000247053818724991 0.000246036051079593 0.000245586072565619 0.00024591506920457 -9999 0.000247160905034366 0.000246815284866352 0.000243876007570986 0.000242185771311353 0.000237717131116617 0.000237844301713081 0.000236741489980291 0.000238085230009217 0.000231541129588928 0.000235763388869658 0.000236082895846237 0.000234612697920798 0.000232597636109337 0.00023366467572666 0.000229034657561137 0.000225752996861996 0.000229410873086547 0.000225570851338862 0.000230284318208198
0.000282191561196559 0.000281072868999487 0.000279967032555846 0.000278694386175256 0.000278119449613392 0.000277177406407861 0.00027533679801432 0.000274380655425059 0.000273632944652468 0.000272588036032667 0.000271413902182878 0.000270008203982458 0.000268216752055098 0.000267096757221795 0.000265403475364499 0.000264125634714821 0.000263183032755318 0.000262195260508984 0.00026101797636119 0.000259996039787896 0.00025906043218962 0.000257700681734193 0.000256388338109557 0.000255085825559415 0.00025458732424927 0.000254260052298642 0.000253634610938426 0.00025301805707447 0.000251726327353846 0.000251713719048395 0.000251089124756508 0.000250343852306771 0.000249298514565164 0.000247221433164329 0.000246429758698711 0.000246638028532204 0.000246405570056638 0.000245042459767607 0.00024366917602573 0.000244682349780081 0.000243885882712075 0.000243584788756459 0.000242454888432396 0.000242358759648298 0.000239570067388481 0.000236570022768946 0.000242928909856868 0.00024079310956062 0.000236553286406818
0.00027870906510633 0.000277552167014446 0.000276300417675538 0.000272506422981827 0.000273230538133751 0.000272895222472 0.000273253903832726 0.00027391798177688 0.000273926242816971 0.000273555329708845 0.000272713408571692 0.000271976970758001 0.000270833941519127 0.000269608418616094 0.000268318438675451 0.000267164509870127 0.000265966016484795 0.000264743630213562 0.000263686284552394 0.000262627949780397 0.000261486542338125 0.000260895349138001 0.00026004871792982 0.000259301194555027 0.000258704198247809 0.000258157242297529 0.000257673827053444 0.000256788726778524 0.000254380528195258 0.000253624869544719 0.000254716738825339 0.000254598744767135 0.000253221312111582 0.000252763961826462 0.000252962776056976 0.000252937522494432 0.00025237265336198 0.000252093131869932 0.000252169568235349 0.000251998178604812 0.000251484800261167 0.00025184384722852 0.000249748595495961 0.000248022691216095 0.000249581071103035 0.000249769569190088 0.000251358250104815 0.000246930273948492 0.000250541277777004
